  -9.1838149424130706e-17
   2.3558318289641628e-02
   4.7110823916756396e-02
   7.0651705653003757e-02
   9.4175155138065750e-02
   1.1767536831277016e-01
   1.4114654685115807e-01
   1.6458289959113126e-01
   1.8797864396333713e-01
   2.1132800741792987e-01
   2.3462522884886142e-01
   2.5786456001534713e-01
   2.8104026696015899e-01
   3.0414663142439424e-01
   3.2717795225836921e-01
   3.5012854682829392e-01
   3.7299275241837399e-01
   3.9576492762800514e-01
   4.1843945376370190e-01
   4.4101073622542636e-01
   4.6347320588697244e-01
   4.8582132047006504e-01
   5.0804956591183159e-01
   5.3015245772531805e-01
   5.5212454235270236e-01
   5.7396039851087810e-01
   5.9565463852907563e-01
   6.1720190967818722e-01
   6.3859689549147625e-01
   6.5983431707633311e-01
   6.8090893441676426e-01
   7.0181554766628695e-01
   7.2254899843091513e-01
   7.4310417104191262e-01
   7.6347599381801201e-01
   7.8365944031677326e-01
   8.0364953057478483e-01
   8.2344133233639261e-01
   8.4302996227066351e-01
   8.6241058717627217e-01
   8.8157842517402163e-01
   9.0052874688670070e-01
   9.1925687660598687e-01
   9.3775819344610578e-01
   9.5602813248396912e-01
   9.7406218588549787e-01
   9.9185590401786483e-01
   1.0094048965473743e+00
   1.0267048335227100e+00
   1.0437514464432880e+00
   1.0605405293124444e+00
   1.0770679396752016e+00
   1.0933295996403574e+00
   1.1093214968866443e+00
   1.1250396856527078e+00
   1.1404802877106668e+00
   1.1556394933230061e+00
   1.1705135621825726e+00
   1.1850988243354417e+00
   1.1993916810864198e+00
   1.2133886058869727e+00
   1.2270861452053465e+00
   1.2404809193786754e+00
   1.2535696234468616e+00
   1.2663490279680274e+00
   1.2788159798153291e+00
   1.2909674029549465e+00
   1.3028002992050440e+00
   1.3143117489755320e+00
   1.3254989119884293e+00
   1.3363590279786590e+00
   1.3468894173751047e+00
   1.3570874819617518e+00
   1.3669507055187609e+00
   1.3764766544433056e+00
   1.3856629783500289e+00
   1.3945074106509647e+00
   1.4030077691147846e+00
   1.4111619564052311e+00
   1.4189679605986043e+00
   1.4264238556801732e+00
   1.4335278020193913e+00
   1.4402780468237979e+00
   1.4466729245714940e+00
   1.4527108574220835e+00
   1.4583903556059836e+00
   1.4637100177920011e+00
   1.4686685314330916e+00
   1.4732646730902097e+00
   1.4774973087341754e+00
   1.4813653940254778e+00
   1.4848679745719506e+00
   1.4880041861642543e+00
   1.4907732549891064e+00
   1.4931744978202093e+00
   1.4952073221868243e+00
   1.4968712265199573e+00
   1.4981658002761113e+00
   1.4990907240385836e+00
   1.4996457695962750e+00
   1.4998308000000000e+00
   1.4996457695962750e+00
   1.4990907240385836e+00
   1.4981658002761116e+00
   1.4968712265199573e+00
   1.4952073221868243e+00
   1.4931744978202093e+00
   1.4907732549891066e+00
   1.4880041861642543e+00
   1.4848679745719506e+00
   1.4813653940254781e+00
   1.4774973087341756e+00
   1.4732646730902097e+00
   1.4686685314330914e+00
   1.4637100177920011e+00
   1.4583903556059836e+00
   1.4527108574220839e+00
   1.4466729245714940e+00
   1.4402780468237981e+00
   1.4335278020193913e+00
   1.4264238556801734e+00
   1.4189679605986045e+00
   1.4111619564052313e+00
   1.4030077691147849e+00
   1.3945074106509650e+00
   1.3856629783500294e+00
   1.3764766544433062e+00
   1.3669507055187613e+00
   1.3570874819617520e+00
   1.3468894173751047e+00
   1.3363590279786592e+00
   1.3254989119884293e+00
   1.3143117489755320e+00
   1.3028002992050438e+00
   1.2909674029549465e+00
   1.2788159798153298e+00
   1.2663490279680278e+00
   1.2535696234468618e+00
   1.2404809193786754e+00
   1.2270861452053470e+00
   1.2133886058869729e+00
   1.1993916810864200e+00
   1.1850988243354419e+00
   1.1705135621825733e+00
   1.1556394933230063e+00
   1.1404802877106670e+00
   1.1250396856527081e+00
   1.1093214968866441e+00
   1.0933295996403576e+00
   1.0770679396752019e+00
   1.0605405293124448e+00
   1.0437514464432884e+00
   1.0267048335227102e+00
   1.0094048965473741e+00
   9.9185590401786516e-01
   9.7406218588549864e-01
   9.5602813248396878e-01
   9.3775819344610567e-01
   9.1925687660598665e-01
   9.0052874688670104e-01
   8.8157842517402196e-01
   8.6241058717627250e-01
   8.4302996227066385e-01
   8.2344133233639294e-01
   8.0364953057478516e-01
   7.8365944031677293e-01
   7.6347599381801168e-01
   7.4310417104191240e-01
   7.2254899843091491e-01
   7.0181554766628729e-01
   6.8090893441676448e-01
   6.5983431707633344e-01
   6.3859689549147658e-01
   6.1720190967818778e-01
   5.9565463852907508e-01
   5.7396039851087932e-01
   5.5212454235270247e-01
   5.3015245772531805e-01
   5.0804956591183159e-01
   4.8582132047006515e-01
   4.6347320588697311e-01
   4.4101073622542702e-01
   4.1843945376370256e-01
   3.9576492762800458e-01
   3.7299275241837465e-01
   3.5012854682829331e-01
   3.2717795225837054e-01
   3.0414663142439424e-01
   2.8104026696015905e-01
   2.5786456001534719e-01
   2.3462522884886175e-01
   2.1132800741793054e-01
   1.8797864396333780e-01
   1.6458289959113198e-01
   1.4114654685115746e-01
   1.1767536831277120e-01
   9.4175155138065458e-02
   7.0651705653003785e-02
   4.7110823916756431e-02
   2.3558318289641993e-02
   2.7551444827239210e-16
  -2.3558318289641441e-02
  -4.7110823916755876e-02
  -7.0651705653003244e-02
  -9.4175155138064889e-02
  -1.1767536831277066e-01
  -1.4114654685115824e-01
  -1.6458289959113143e-01
  -1.8797864396333727e-01
  -2.1132800741793001e-01
  -2.3462522884886119e-01
  -2.5786456001534663e-01
  -2.8104026696015849e-01
  -3.0414663142439374e-01
  -3.2717795225836871e-01
  -3.5012854682829408e-01
  -3.7299275241837410e-01
  -3.9576492762800530e-01
  -4.1843945376370201e-01
  -4.4101073622542647e-01
  -4.6347320588697261e-01
  -4.8582132047006454e-01
  -5.0804956591183104e-01
  -5.3015245772531761e-01
  -5.5212454235270192e-01
  -5.7396039851087755e-01
  -5.9565463852907574e-01
  -6.1720190967818722e-01
  -6.3859689549147614e-01
  -6.5983431707633289e-01
  -6.8090893441676403e-01
  -7.0181554766628684e-01
  -7.2254899843091558e-01
  -7.4310417104191195e-01
  -7.6347599381801234e-01
  -7.8365944031677259e-01
  -8.0364953057478472e-01
  -8.2344133233639238e-01
  -8.4302996227066329e-01
  -8.6241058717627195e-01
  -8.8157842517402152e-01
  -9.0052874688670059e-01
  -9.1925687660598621e-01
  -9.3775819344610634e-01
  -9.5602813248396845e-01
  -9.7406218588549831e-01
  -9.9185590401786417e-01
  -1.0094048965473741e+00
  -1.0267048335227098e+00
  -1.0437514464432880e+00
  -1.0605405293124444e+00
  -1.0770679396752014e+00
  -1.0933295996403571e+00
  -1.1093214968866436e+00
  -1.1250396856527083e+00
  -1.1404802877106661e+00
  -1.1556394933230063e+00
  -1.1705135621825722e+00
  -1.1850988243354414e+00
  -1.1993916810864198e+00
  -1.2133886058869727e+00
  -1.2270861452053465e+00
  -1.2404809193786752e+00
  -1.2535696234468614e+00
  -1.2663490279680272e+00
  -1.2788159798153291e+00
  -1.2909674029549465e+00
  -1.3028002992050440e+00
  -1.3143117489755320e+00
  -1.3254989119884291e+00
  -1.3363590279786590e+00
  -1.3468894173751047e+00
  -1.3570874819617518e+00
  -1.3669507055187609e+00
  -1.3764766544433056e+00
  -1.3856629783500289e+00
  -1.3945074106509650e+00
  -1.4030077691147846e+00
  -1.4111619564052311e+00
  -1.4189679605986043e+00
  -1.4264238556801732e+00
  -1.4335278020193911e+00
  -1.4402780468237979e+00
  -1.4466729245714940e+00
  -1.4527108574220835e+00
  -1.4583903556059836e+00
  -1.4637100177920008e+00
  -1.4686685314330914e+00
  -1.4732646730902097e+00
  -1.4774973087341754e+00
  -1.4813653940254778e+00
  -1.4848679745719506e+00
  -1.4880041861642543e+00
  -1.4907732549891064e+00
  -1.4931744978202093e+00
  -1.4952073221868243e+00
  -1.4968712265199573e+00
  -1.4981658002761113e+00
  -1.4990907240385836e+00
  -1.4996457695962750e+00
  -1.4998308000000000e+00
  -1.4996457695962750e+00
  -1.4990907240385836e+00
  -1.4981658002761116e+00
  -1.4968712265199573e+00
  -1.4952073221868243e+00
  -1.4931744978202093e+00
  -1.4907732549891066e+00
  -1.4880041861642543e+00
  -1.4848679745719506e+00
  -1.4813653940254781e+00
  -1.4774973087341754e+00
  -1.4732646730902097e+00
  -1.4686685314330914e+00
  -1.4637100177920011e+00
  -1.4583903556059836e+00
  -1.4527108574220837e+00
  -1.4466729245714940e+00
  -1.4402780468237981e+00
  -1.4335278020193913e+00
  -1.4264238556801732e+00
  -1.4189679605986043e+00
  -1.4111619564052311e+00
  -1.4030077691147846e+00
  -1.3945074106509650e+00
  -1.3856629783500292e+00
  -1.3764766544433060e+00
  -1.3669507055187613e+00
  -1.3570874819617522e+00
  -1.3468894173751047e+00
  -1.3363590279786592e+00
  -1.3254989119884293e+00
  -1.3143117489755320e+00
  -1.3028002992050438e+00
  -1.2909674029549465e+00
  -1.2788159798153298e+00
  -1.2663490279680276e+00
  -1.2535696234468618e+00
  -1.2404809193786754e+00
  -1.2270861452053468e+00
  -1.2133886058869729e+00
  -1.1993916810864198e+00
  -1.1850988243354417e+00
  -1.1705135621825731e+00
  -1.1556394933230063e+00
  -1.1404802877106668e+00
  -1.1250396856527078e+00
  -1.1093214968866441e+00
  -1.0933295996403576e+00
  -1.0770679396752019e+00
  -1.0605405293124446e+00
  -1.0437514464432880e+00
  -1.0267048335227100e+00
  -1.0094048965473741e+00
  -9.9185590401786516e-01
  -9.7406218588549798e-01
  -9.5602813248396912e-01
  -9.3775819344610600e-01
  -9.1925687660598665e-01
  -9.0052874688670104e-01
  -8.8157842517402196e-01
  -8.6241058717627217e-01
  -8.4302996227066351e-01
  -8.2344133233639227e-01
  -8.0364953057478439e-01
  -7.8365944031677348e-01
  -7.6347599381801190e-01
  -7.4310417104191251e-01
  -7.2254899843091469e-01
  -7.0181554766628718e-01
  -6.8090893441676437e-01
  -6.5983431707633300e-01
  -6.3859689549147614e-01
  -6.1720190967818733e-01
  -5.9565463852907541e-01
  -5.7396039851087854e-01
  -5.5212454235270292e-01
  -5.3015245772531827e-01
  -5.0804956591183170e-01
  -4.8582132047006499e-01
  -4.6347320588697294e-01
  -4.4101073622542686e-01
  -4.1843945376370240e-01
  -3.9576492762800497e-01
  -3.7299275241837382e-01
  -3.5012854682829381e-01
  -3.2717795225836976e-01
  -3.0414663142439474e-01
  -2.8104026696015921e-01
  -2.5786456001534702e-01
  -2.3462522884886158e-01
  -2.1132800741793037e-01
  -1.8797864396333763e-01
  -1.6458289959113145e-01
  -1.4114654685115793e-01
  -1.1767536831277035e-01
  -9.4175155138065930e-02
  -7.0651705653003952e-02
  -4.7110823916756576e-02
  -2.3558318289641812e-02
