   3.8989153199999997e+01
   3.9760739106004124e+01
   4.0467095853363297e+01
   4.1119997711970171e+01
   4.1731217093362162e+01
   4.2311388391630111e+01
   4.2881031330923264e+01
   4.3458227471440480e+01
   4.4054228449396390e+01
   4.4679987337401649e+01
   4.5367405552658354e+01
   4.6123862524353761e+01
   4.6944277262791033e+01
   4.7824005276489608e+01
   4.8758526563559961e+01
   4.9730003574249025e+01
   5.0715532602937373e+01
   5.1705503184204197e+01
   5.2689085084222476e+01
   5.3643173010508292e+01
   5.4562069037748905e+01
   5.5448847538699610e+01
   5.6307169204796736e+01
   5.7161738841352175e+01
   5.8030309852000244e+01
   5.8920932682717677e+01
   5.9859885539838729e+01
   6.0870069739260131e+01
   6.1928754543131774e+01
   6.3032922263499799e+01
   6.4218401415432282e+01
   6.5453205937361261e+01
   6.6736237437643922e+01
   6.8107669675881439e+01
   6.9554862539026956e+01
   7.1090137070456507e+01
   7.2861239140281938e+01
   7.4732949768338926e+01
   7.6624793986997844e+01
   7.8419657499012118e+01
   8.0120561757862902e+01
   8.1755639113924616e+01
   8.3387985636371980e+01
   8.5066483205547243e+01
   8.6812059243754163e+01
   8.8759827760454613e+01
   9.0801179951947987e+01
   9.3283167361031104e+01
   9.6041813345882588e+01
   9.9232312970358294e+01
   1.0255488162606900e+02
   1.0592772446868507e+02
   1.0953193377430381e+02
   1.1313503006602527e+02
   1.1721047716708925e+02
   1.2126230418578584e+02
   1.2593892427190320e+02
   1.3056166726015820e+02
   1.3583139657455291e+02
   1.4099547833171610e+02
   1.4993574735001431e+02
   1.5881768466098617e+02
   1.7053320243398753e+02
   1.8275469580343594e+02
   1.9575434145567124e+02
   2.0944448421872303e+02
   2.2293827135799782e+02
   2.3752838239772524e+02
   2.5172214585426542e+02
   2.6682755837190120e+02
   2.8274008563224970e+02
   2.9816948882497587e+02
   3.1528433284999903e+02
   3.3269575811298972e+02
   3.4951179668294708e+02
   3.6871416423164078e+02
   3.8886568903274792e+02
   4.0823326159971128e+02
   4.2791881975922729e+02
   4.5224408277812091e+02
   4.7547832713766229e+02
   4.9761582013571751e+02
   5.1929503744836938e+02
   5.4857144120707471e+02
   5.7621371475413264e+02
   6.0221503777216822e+02
   6.2656899482379004e+02
   6.4926957693451391e+02
   7.0595350951186936e+02
   7.6930741939291352e+02
   8.2720475513612553e+02
   8.7963123144024416e+02
   9.2657391285671838e+02
   9.6802121698132260e+02
   1.0039629173119613e+03
   1.0343901457718748e+03
   1.0592953948977415e+03
   1.0786725196919997e+03
   1.0925167391390576e+03
   1.1008246373849158e+03
   1.1035941645800001e+03
   1.0997832142945997e+03
   1.0883513037333566e+03
   1.0693012535491423e+03
   1.0426377640567823e+03
   1.0083674140733416e+03
   9.6649865929488203e+02
   9.1704183021014308e+02
   8.6000912955166336e+02
   7.9541462928493456e+02
   7.2327426713635532e+02
   6.4360584266081355e+02
   5.5642901284994844e+02
   4.7939047410567144e+02
   4.5223840522722645e+02
   4.2310874167485537e+02
   3.9200867075716451e+02
   3.5894586595128840e+02
   3.2392848500958905e+02
   2.9789573431295554e+02
   2.7130196186092257e+02
   2.4339066189362833e+02
   2.1416872110669459e+02
   1.9209419979440949e+02
   1.7078564024653500e+02
   1.4861456203215360e+02
   1.3096464863282517e+02
   1.2229819579640832e+02
   1.1332489954540621e+02
   1.0476641964334765e+02
   9.7747096589512580e+01
   9.0507985131461879e+01
   8.4247733514049628e+01
   7.9061683478651545e+01
   7.3730817841379476e+01
   6.9559055515922822e+01
   6.5413708753497545e+01
   6.1200457278595053e+01
   5.6923280935532354e+01
   5.2747421224802338e+01
   4.9265051414419823e+01
   4.5734964537032056e+01
   4.2959395049718452e+01
   4.0127042546556233e+01
   3.7503087286116049e+01
   3.4841060091312848e+01
   3.2149971819339640e+01
   2.9422012100057948e+01
   2.6943742981106325e+01
   2.4507912784096057e+01
   2.2442108138729004e+01
   2.0449376086479237e+01
   1.8612827098868205e+01
   1.6878108811463452e+01
   1.5203653516576562e+01
   1.3670574673233737e+01
   1.2167527078828583e+01
   1.0756222577998196e+01
   9.3639659861781546e+00
   7.9822657520946576e+00
   6.5877001022230806e+00
   5.1883297105643784e+00
   3.7908860457835099e+00
   2.4227965259709556e+00
   1.0727764666074553e+00
  -2.3889599611467841e-01
  -1.4971883427637647e+00
  -2.7344913624190950e+00
  -3.9477170388605778e+00
  -5.1325304339725131e+00
  -6.3056175708274012e+00
  -7.4668328084237787e+00
  -8.6078108620853513e+00
  -9.7445711694916444e+00
  -1.0878106082515586e+01
  -1.2008734277832934e+01
  -1.3140726460861728e+01
  -1.4271149743690952e+01
  -1.5397697339931170e+01
  -1.6514439441767720e+01
  -1.7624741082338350e+01
  -1.8729852762014200e+01
  -1.9829559384134583e+01
  -2.0919992777834715e+01
  -2.2004334183170812e+01
  -2.3083492043992631e+01
  -2.4157386605992876e+01
  -2.5223816854933155e+01
  -2.6281403599666696e+01
  -2.7319509959271826e+01
  -2.8336528542439773e+01
  -2.9337080284429234e+01
  -3.0338311784778359e+01
  -3.1355562246662913e+01
  -3.2404318235356939e+01
  -3.3500755837816030e+01
  -3.4681769677693914e+01
  -3.5869838113513318e+01
  -3.7012096926788800e+01
  -3.8065966978834993e+01
  -3.8989153199999983e+01
  -3.9760739106004124e+01
  -4.0467095853363283e+01
  -4.1119997711970157e+01
  -4.1731217093362147e+01
  -4.2311388391630125e+01
  -4.2881031330923271e+01
  -4.3458227471440487e+01
  -4.4054228449396390e+01
  -4.4679987337401656e+01
  -4.5367405552658354e+01
  -4.6123862524353747e+01
  -4.6944277262791019e+01
  -4.7824005276489579e+01
  -4.8758526563559940e+01
  -4.9730003574249025e+01
  -5.0715532602937380e+01
  -5.1705503184204204e+01
  -5.2689085084222484e+01
  -5.3643173010508299e+01
  -5.4562069037748913e+01
  -5.5448847538699589e+01
  -5.6307169204796715e+01
  -5.7161738841352161e+01
  -5.8030309852000229e+01
  -5.8920932682717648e+01
  -5.9859885539838729e+01
  -6.0870069739260131e+01
  -6.1928754543131767e+01
  -6.3032922263499785e+01
  -6.4218401415432282e+01
  -6.5453205937361247e+01
  -6.6736237437643965e+01
  -6.8107669675881382e+01
  -6.9554862539026971e+01
  -7.1090137070456450e+01
  -7.2861239140281924e+01
  -7.4732949768338926e+01
  -7.6624793986997815e+01
  -7.8419657499012089e+01
  -8.0120561757862902e+01
  -8.1755639113924616e+01
  -8.3387985636371909e+01
  -8.5066483205547300e+01
  -8.6812059243754092e+01
  -8.8759827760454641e+01
  -9.0801179951947901e+01
  -9.3283167361031062e+01
  -9.6041813345882545e+01
  -9.9232312970358294e+01
  -1.0255488162606902e+02
  -1.0592772446868504e+02
  -1.0953193377430378e+02
  -1.1313503006602511e+02
  -1.1721047716708938e+02
  -1.2126230418578562e+02
  -1.2593892427190326e+02
  -1.3056166726015800e+02
  -1.3583139657455283e+02
  -1.4099547833171610e+02
  -1.4993574735001431e+02
  -1.5881768466098617e+02
  -1.7053320243398730e+02
  -1.8275469580343574e+02
  -1.9575434145567101e+02
  -2.0944448421872303e+02
  -2.2293827135799779e+02
  -2.3752838239772524e+02
  -2.5172214585426542e+02
  -2.6682755837190086e+02
  -2.8274008563224970e+02
  -2.9816948882497582e+02
  -3.1528433284999903e+02
  -3.3269575811298972e+02
  -3.4951179668294708e+02
  -3.6871416423164078e+02
  -3.8886568903274843e+02
  -4.0823326159971123e+02
  -4.2791881975922735e+02
  -4.5224408277812091e+02
  -4.7547832713766229e+02
  -4.9761582013571683e+02
  -5.1929503744836938e+02
  -5.4857144120707471e+02
  -5.7621371475413275e+02
  -6.0221503777216810e+02
  -6.2656899482378901e+02
  -6.4926957693451277e+02
  -7.0595350951186936e+02
  -7.6930741939291352e+02
  -8.2720475513612541e+02
  -8.7963123144024416e+02
  -9.2657391285671838e+02
  -9.6802121698132271e+02
  -1.0039629173119613e+03
  -1.0343901457718750e+03
  -1.0592953948977415e+03
  -1.0786725196919997e+03
  -1.0925167391390576e+03
  -1.1008246373849158e+03
  -1.1035941645800001e+03
  -1.0997832142945997e+03
  -1.0883513037333566e+03
  -1.0693012535491423e+03
  -1.0426377640567823e+03
  -1.0083674140733416e+03
  -9.6649865929488203e+02
  -9.1704183021014308e+02
  -8.6000912955166336e+02
  -7.9541462928493456e+02
  -7.2327426713635532e+02
  -6.4360584266080912e+02
  -5.5642901284994844e+02
  -4.7939047410567144e+02
  -4.5223840522722645e+02
  -4.2310874167485531e+02
  -3.9200867075716326e+02
  -3.5894586595128840e+02
  -3.2392848500958905e+02
  -2.9789573431295554e+02
  -2.7130196186092172e+02
  -2.4339066189362751e+02
  -2.1416872110669377e+02
  -1.9209419979440889e+02
  -1.7078564024653497e+02
  -1.4861456203215303e+02
  -1.3096464863282498e+02
  -1.2229819579640832e+02
  -1.1332489954540640e+02
  -1.0476641964334765e+02
  -9.7747096589512580e+01
  -9.0507985131461879e+01
  -8.4247733514049628e+01
  -7.9061683478651531e+01
  -7.3730817841379476e+01
  -6.9559055515922822e+01
  -6.5413708753497474e+01
  -6.1200457278595053e+01
  -5.6923280935532354e+01
  -5.2747421224802281e+01
  -4.9265051414419830e+01
  -4.5734964537032013e+01
  -4.2959395049718410e+01
  -4.0127042546556183e+01
  -3.7503087286116042e+01
  -3.4841060091312805e+01
  -3.2149971819339605e+01
  -2.9422012100057948e+01
  -2.6943742981106325e+01
  -2.4507912784096057e+01
  -2.2442108138728976e+01
  -2.0449376086479187e+01
  -1.8612827098868181e+01
  -1.6878108811463452e+01
  -1.5203653516576562e+01
  -1.3670574673233681e+01
  -1.2167527078828607e+01
  -1.0756222577998221e+01
  -9.3639659861781546e+00
  -7.9822657520946576e+00
  -6.5877001022230806e+00
  -5.1883297105643535e+00
  -3.7908860457834859e+00
  -2.4227965259709094e+00
  -1.0727764666074044e+00
   2.3889599611464216e-01
   1.4971883427637509e+00
   2.7344913624190879e+00
   3.9477170388605911e+00
   5.1325304339725193e+00
   6.3056175708274074e+00
   7.4668328084238027e+00
   8.6078108620853744e+00
   9.7445711694916675e+00
   1.0878106082515568e+01
   1.2008734277832977e+01
   1.3140726460861707e+01
   1.4271149743690938e+01
   1.5397697339931165e+01
   1.6514439441767728e+01
   1.7624741082338360e+01
   1.8729852762014207e+01
   1.9829559384134591e+01
   2.0919992777834697e+01
   2.2004334183170855e+01
   2.3083492043992607e+01
   2.4157386605992912e+01
   2.5223816854933130e+01
   2.6281403599666689e+01
   2.7319509959271834e+01
   2.8336528542439780e+01
   2.9337080284429241e+01
   3.0338311784778369e+01
   3.1355562246662942e+01
   3.2404318235356925e+01
   3.3500755837816065e+01
   3.4681769677693893e+01
   3.5869838113513310e+01
   3.7012096926788786e+01
   3.8065966978835000e+01
